#B     0
B S 
      2.387000E+04           8.800000E-05
      3.575000E+03           6.870000E-04
      8.128000E+02           3.600000E-03
      2.297000E+02           1.494900E-02
      7.469000E+01           5.143500E-02
      2.681000E+01           1.433020E-01
      1.032000E+01           3.009350E-01
      4.178000E+00           4.035260E-01
      1.727000E+00           2.253400E-01
      4.704000E-01           1.540700E-02
      1.896000E-01          -3.955000E-03
      7.394000E-02           1.124000E-03
B S
      4.704000E-01           1.000000E+00
B S
      1.896000E-01           1.000000E+00
B S 
      2.387000E+04          -1.800000E-05
      3.575000E+03          -1.390000E-04
      8.128000E+02          -7.250000E-04
      2.297000E+02          -3.063000E-03
      7.469000E+01          -1.058100E-02
      2.681000E+01          -3.136500E-02
      1.032000E+01          -7.101200E-02
      4.178000E+00          -1.321030E-01
      1.727000E+00          -1.230720E-01
      4.704000E-01           2.618190E-01
      1.896000E-01           5.866620E-01
      7.394000E-02           2.904940E-01
B S
      7.394000E-02           1.000000E+00
B P
      5.071000E-01           1.000000E+00
B P
      2.226000E+01           5.095000E-03
      5.058000E+00           3.320600E-02
      1.487000E+00           1.323140E-01
      5.071000E-01           3.318180E-01
      1.812000E-01           4.720630E-01
      6.463000E-02           2.579790E-01
B P
      1.812000E-01           1.000000E+00
B P
      6.463000E-02           1.000000E+00
B D
      1.110000E+00           1.000000E+00
B D
      4.020000E-01           1.000000E+00
B D
      1.450000E-01           1.000000E+00
B F
      8.820000E-01           1.000000E+00
B F
      3.110000E-01           1.000000E+00
B G
      6.730000E-01           1.0000000
