C     0
S   12   1.00
      3.398000E+04           9.100000E-05
      5.089000E+03           7.040000E-04
      1.157000E+03           3.693000E-03
      3.266000E+02           1.536000E-02
      1.061000E+02           5.292900E-02
      3.811000E+01           1.470430E-01
      1.475000E+01           3.056310E-01
      6.035000E+00           3.993450E-01
      2.530000E+00           2.170510E-01
      7.355000E-01           1.589400E-02
      2.905000E-01          -3.084000E-03
      1.111000E-01           9.780000E-04
S   1   1.00
      7.355000E-01           1.000000E+00
S   1   1.00
      2.905000E-01           1.000000E+00
S   12   1.00
      3.398000E+04          -1.900000E-05
      5.089000E+03          -1.510000E-04
      1.157000E+03          -7.850000E-04
      3.266000E+02          -3.324000E-03
      1.061000E+02          -1.151200E-02
      3.811000E+01          -3.416000E-02
      1.475000E+01          -7.717300E-02
      6.035000E+00          -1.414930E-01
      2.530000E+00          -1.180190E-01
      7.355000E-01           2.738060E-01
      2.905000E-01           5.865100E-01
      1.111000E-01           2.854300E-01
S   1   1.00
      1.111000E-01           1.000000E+00
P   1   1.00
      8.132000E-01           1.000000E+00
P   6   1.00
      3.451000E+01           5.378000E-03
      7.915000E+00           3.613200E-02
      2.368000E+00           1.424930E-01
      8.132000E-01           3.421500E-01
      2.890000E-01           4.638640E-01
      1.007000E-01           2.500280E-01
P   1   1.00
      2.890000E-01           1.000000E+00
P   1   1.00
      1.007000E-01           1.000000E+00
D   1   1.00
      1.848000E+00           1.000000E+00
D   1   1.00
      6.490000E-01           1.000000E+00
D   1   1.00
      2.280000E-01           1.000000E+00
F   1   1.00
      1.419000E+00           1.000000E+00
F   1   1.00
      4.850000E-01           1.000000E+00
G   1   1.00
      1.011000E+00           1.0000000
