Li     0
S   12   1.00
      6.601000E+03           1.170000E-04
      9.897000E+02           9.110000E-04
      2.257000E+02           4.728000E-03
      6.429000E+01           1.919700E-02
      2.118000E+01           6.304700E-02
      7.724000E+00           1.632080E-01
      3.003000E+00           3.148270E-01
      1.212000E+00           3.939360E-01
      4.930000E-01           1.969180E-01
      9.515000E-02           9.997000E-03
      4.791000E-02          -5.402000E-03
      2.220000E-02           1.704000E-03
S   1   1.00
      9.515000E-02           1.000000E+00
S   1   1.00
      4.791000E-02           1.000000E+00
S   12   1.00
      6.601000E+03          -1.800000E-05
      9.897000E+02          -1.420000E-04
      2.257000E+02          -7.410000E-04
      6.429000E+01          -3.020000E-03
      2.118000E+01          -1.012300E-02
      7.724000E+00          -2.709400E-02
      3.003000E+00          -5.735900E-02
      1.212000E+00          -9.389500E-02
      4.930000E-01          -1.210910E-01
      9.515000E-02           2.766080E-01
      4.791000E-02           5.495480E-01
      2.220000E-02           2.773850E-01
S   1   1.00
      2.220000E-02           1.000000E+00
P   1   1.00
      1.192000E-01           1.000000E+00
P   6   1.00
      6.250000E+00           3.388000E-03
      1.370000E+00           1.931600E-02
      3.672000E-01           7.910400E-02
      1.192000E-01           2.740950E-01
      4.474000E-02           5.194880E-01
      1.795000E-02           2.844230E-01
P   1   1.00
      4.474000E-02           1.000000E+00
P   1   1.00
      1.795000E-02           1.000000E+00
D   1   1.00
      3.352000E-01           1.000000E+00
D   1   1.00
      1.482000E-01           1.000000E+00
D   1   1.00
      6.560000E-02           1.000000E+00
F   1   1.00
      2.280000E-01           1.000000E+00
F   1   1.00
      1.135000E-01           1.000000E+00
G   1   1.00
      2.319000E-01           1.0000000
